90.05832437763716 78.57795902070445
15.23088202035543 61.92355112845879
25.439251947543628 79.30385368913112
33.176370590456116 17.935887202979075
55.23260944818615 67.81368681003357
48.102739185669044 94.51307794274449
62.61147100539599 66.07346367843894
76.95038273510713 36.72461426341913
19.746140894622254 16.281100556887708
59.78440602062719 14.348846651027413
96.20894271016488 78.73676878108206
58.27729080855095 17.43531782940262
66.25665379177461 67.59902400130827
33.072180318727376 4.942924566070028
90.45023825152299 22.830310104266516
79.78217537404167 17.56490048059711
84.80178264182135 4.6719271565134335
50.797916107489336 66.14719341138525
82.29095183740382 65.25243692083289
2.8384281972271386 40.58116432950203
47.061548936290535 60.06242403762779
7.179090390564202 42.02279060672471
67.11347771180611 54.401861713444454
44.14593156071774 22.012367273994172
91.64243109124482 46.95716835860503
47.04800194820563 94.55350309038955
40.999821787258085 22.120487717199445
72.58345618599208 28.045137600526893
34.22624449144129 84.40379699882725
61.030320115531985 44.388092288077175
