76.18491511989264 23.626461037755742
59.89060196180098 79.38048206126591
72.11593345523049 43.29238054782143
7.946015336745105 23.6660434872038
31.185214051481104 40.21136820108687
7.795239963456235 72.23424548658413
49.42499222248304 43.49115922338608
92.0052147309385 31.69477449018341
66.70176294575285 83.25371079423836
3.714653821625402 47.29456197840975
37.61579108957115 47.05069710488813
40.048769245337766 63.14675663052138
27.519397826720404 7.453862780609111
98.7356604950974 5.471339843101131
3.2266060194950485 0.4716480196987227
67.0053100205926 26.791766758529945
4.670304961798111 84.16908043420285
90.29076285515616 62.96123991709289
23.182565128493504 89.72258923131135
48.79617496973355 33.976288792285914
11.138162913232218 75.7442614378039
52.63788867149313 57.71521861705431
79.60251580582245 84.15284891761755
53.52347921335186 10.990514586378552
22.857402585807918 87.34184269078521
87.51107059345057 50.12197947489789
41.63124043432135 80.15305383453854
65.37341603455701 23.78132871919053
11.73823693075895 64.681540284244
18.744461325596184 41.0870023891444
74.77775499534872 21.68759701945351
8.209394140960613 55.43967918574923
2.403743162302596 63.26972275491012
94.12944364628129 46.92755965604923
75.0715041139306 33.312699198236096
0.9537511259680054 93.74625757953076
16.871415138976886 21.05707363896364
26.282403497380702 79.67115448006592
92.89475326676622 23.559859118249726
66.25187740150314 62.447657534129334
15.254251612684088 85.834476430118
79.84398642466289 47.686464923601065
23.55246687135746 54.053159721978474
4.613308878484923 6.71794330566623
55.778613998184 22.732567210295695
43.81618754960035 46.19000181887054
15.916945163476226 76.58905457605334
32.94291570694172 36.30426408083465
95.59690546993201 22.093451610206728
67.740518127836 81.42011020301061
2.902921788489077 68.80359084295029
42.37573484516341 82.11729038054699
78.57169996235524 32.89125640454045
94.58727604150283 34.14945899849807
23.98151334896025 86.23748784565196
61.78673129505044 19.891571185783242
29.374476404811844 29.044414294542598
92.63738605708095 89.17371230826133
4.632862101896529 44.12474492037081
7.585471845193748 9.409586236848389
70.1714348049927 17.4051479404979
46.81003606247781 79.39730864698463
96.5634672478834 33.64419773577497
31.98074327982794 17.641383982370385
8.765394791405912 83.30060391476248
42.85183665785303 12.107172533704668
71.92798964158118 25.152410174916596
37.34532366044654 90.04964904947697
56.453492448045296 1.3788293978756472
72.493112640412 99.76193349876421
94.01877000489914 14.69704512380271
71.57434935536833 74.24471516696781
2.4518027769065864 70.90957933457192
26.991345298216295 35.641453719003835
95.98769514505454 39.975318669777124
38.23433211295032 23.592980055850866
32.14825535119621 77.20901931408551
99.66874965100688 32.01694401831222
66.82319347856881 41.95016321100171
20.65097819574605 49.60087664640339
65.33925460675883 88.83515372430541
54.426714777116324 67.05890440957378
81.93475236145802 52.91442684506921
40.07697349521323 6.945220425874465
35.439759804610084 40.865362031669925
89.2038186712357 99.09291078641266
41.46511187126984 67.15490082644051
52.291659662522584 46.186893205014066
33.972954875913885 10.182789629456778
77.06571314070548 19.013716052126682
42.56074383479513 79.9159787274058
8.359658924340618 46.82850802902037
7.37120032702866 87.1161190194224
2.857975910799393 86.41037760761492
74.0102589136814 40.802870195997976
47.15701431277978 99.97289986223969
80.24759806349148 29.06895973341207
27.750654868800908 38.89597787385476
71.8252103834112 46.97704847432996
6.3322561842364955 83.84712590012407
52.922613741727595 7.424026640538561
76.08370685058601 53.23827103834676
46.121601286409955 85.94411015669657
72.65615416612681 70.0949183557069
98.38131534347696 77.9128135757348
27.851588463043875 31.05392060531562
2.6874366120677062 84.88536808902157
92.44945625973202 7.096872321842951
38.35898845785021 69.24370375267826
64.91929392804143 83.27753593308668
72.35654199608601 81.45355711914911
40.763906918683325 73.19198807068132
78.0005579457048 40.76122240240379
53.0793822353403 32.154593170980284
9.52603462778775 97.47607794076517
21.791315063412352 9.614909923724102
46.87373625712472 70.89147291106529
33.014781565775934 49.23068609855022
80.83948087230713 2.0347270058370226
58.002872657538205 21.014878865003737
75.43134339355619 32.0682071004959
51.381521504176895 90.34823192015753
48.538544718555066 99.73498782990113
45.363723498397654 48.48584735546751
95.42332837485087 80.6338909311044
23.85815324843419 16.869394407197813
37.80477638181941 36.65588610859397
43.16243637964916 85.70889425045866
54.288823902677954 5.389390794754723
10.027289263804162 6.568906201139013
92.62164598788506 36.66468031363929
23.56895904904284 45.687965106543814
93.90263457749214 75.90145492606885
57.66260579781909 62.46437402377997
71.44685724510603 99.47456696693473
12.773542958729534 58.46084981604138
66.33502828391423 20.809130850375478
13.420344374795402 21.852710854182554
84.19666254473614 62.16125825608563
54.064329472974826 33.95291210905157
97.82762780455188 4.617537117381499
2.4842340684988695 97.1985570385182
61.821883816638845 45.96744350908254
18.803226798019757 65.55193840590253
55.99967054309685 64.84214667174315
81.94436112920013 63.13832278832935
56.05463894318209 23.116796159688757
22.240013327616516 60.588767238782715
3.186567282183317 99.30848893252036
30.013790168913413 96.9109621580524
66.88657768279387 15.047450003807327
85.3148670480942 82.313908605219
0.4526012845862404 71.90960521981124
84.68213817473392 17.110269046693606
40.14565051451587 49.2879762351108
12.347926899290728 78.67438502374667
5.412980842546666 70.08618510540161
34.45528118381739 43.21237358100668
83.46850174661573 35.42476206358477
86.28128333270236 73.63763719536722
90.82811160350968 19.478902553196097
60.85871175684038 99.8764245196254
59.554766329751644 61.23330867708189
4.878233368718599 37.09878278734246
1.3949606993137742 69.45645314478594
55.59597928087094 61.98002468533568
16.91336489037869 46.96313572752694
41.85571470889056 61.300110846550695
69.90036282857734 50.354293366742844
23.12619779687377 12.804957666575056
46.38608819974534 5.3830238554055
50.51147064651018 12.946346899024874
76.27260248846216 16.73259262218052
80.14758421161535 7.774377042023173
26.603824437403656 87.86966953977755
35.89372704327809 34.60598106827353
0.33961266181559147 48.99537503146796
7.363175256546262 12.998290387947343
13.172375354137921 85.72720736022121
76.09199981363112 57.507794044138706
19.26621982002664 36.11634860938595
27.184056740404138 23.427751379400007
0.5173561789018399 27.58985593123675
83.3306111579398 2.035675891610733
85.11613861625213 44.448977330623386
95.40378806700414 55.11307427579393
51.599372644318734 55.73460232300995
83.59262152637858 16.223240259450776
29.151283273981832 43.50772323649071
83.2775657285968 20.186578218687345
90.28973836681743 51.45084659268654
60.036109525529305 7.809202192803866
66.75644646898346 11.894815913310863
28.248757824276538 87.37474434183406
5.423712432400762 87.29254845681552
7.022420293113829 47.65050266429054
64.08086737636984 50.44531144641595
96.58494959158259 50.96529199723718
41.49654988227235 52.98846313422973
75.2276007002932 94.654376220136
72.27401329540074 34.04330585190647
8.680986913830601 67.84202002336761
50.77823952651944 25.11602346579759
57.10660467999862 47.23041195094425
15.438545460551767 54.635960189121455
6.078523276503067 23.964328811417225
6.76387253495766 79.24477192543952
39.95163372360226 37.675857702346526
81.31778443093711 30.68638230255665
34.782905125357054 31.486082423639406
16.05368093274837 89.62019385451549
67.93132419573756 63.43294315383133
20.172842715822657 84.77664666691456
97.0597782592528 66.39879211620566
19.968298804156625 27.797251776159705
44.439953604826584 99.91051196614042
29.316927375358325 49.90961441553888
90.35013057541548 14.813388002510298
77.66733528602201 31.30841606820949
61.610682017844034 5.982801801202243
28.175907235203724 31.03441156638709
94.93571711131953 96.79785265655192
77.72362888773677 37.126706336582274
20.76476425999202 15.189421956675798
63.366749947203395 47.659807039376325
1.9245480321493535 17.81712845897617
0.38904578524607825 49.2202506565812
21.449371191386057 89.21783170917736
89.95614659354736 81.5901556957459
37.10498210976317 65.42769341983747
4.827204735464374 68.40094425191742
87.85655128432889 37.89727630144297
49.441918794846764 46.499848374765115
87.38617074883116 22.249372352458508
86.4836299197003 29.387252757083736
55.41056536364467 15.03549871295916
99.51515501314404 22.371979171365396
95.3862231658539 97.88031757086652
60.306059228499805 19.191755449046077
44.15706005466641 6.493021291031386
52.54488311048948 35.62057428785258
85.29452986634737 88.87960185012619
37.19644989695611 28.28494436877842
83.98371852079046 9.778753406368935
56.95265905050482 14.177264342158512
62.409653250691285 63.937925968143205
10.542832315994122 7.60249527131297
43.25281592869024 40.43207858922062
9.611703080938828 56.8842296680781
19.838162306959116 84.71200031823965
88.67517936333603 21.797303385026755
72.94209160601099 6.685660665220428
53.19918399638161 97.84172094029562
44.20995509640736 91.30010942879207
94.76006193666322 16.843767066199312
58.47990549608076 93.93893504637488
55.8508002179892 13.707823568856837
53.73410559525254 37.11052361028017
92.54168972389608 50.50173154018617
43.08460245192877 27.099921449605112
10.681904290156153 39.981608369800504
5.872721813925985 14.92555980982051
29.795902846853995 15.128027756277952
71.85947437769669 7.131743866384699
94.43622238768454 14.867608077169558
19.867177440396443 84.02938221807787
61.07769537707395 14.108366031726781
55.564774777606665 55.93546730314964
18.459166495747425 46.55647279540963
69.86150753370974 77.71809673709951
83.96939844042191 41.92670691611406
78.39510643883905 26.766119662003607
23.643710660258854 94.70864898588935
79.241402773599 16.444103227602604
77.57402975786123 19.93771233400562
34.15083556866851 61.87600146735397
65.99864155908573 83.66389601491203
91.23107950013602 93.96591501701198
90.97272123419683 24.618103823003036
30.80162434177528 86.67725881248107
79.67773109553328 51.40056339654529
61.16252738920156 3.3428578080633042
71.07361110907777 73.88902834953038
70.68081344355204 64.49043647252431
70.42270578415597 43.926524917294095
42.21330907652211 49.425470085800406
23.49283035583385 69.61472541950856
96.09476388141722 20.36112061683487
43.983628246286955 94.04870062974263
54.10093798871195 18.20245421404467
98.2450756538237 50.288691760561164
82.39511409441687 67.40444471154561
51.362684200140585 48.56520174752029
65.25308080867329 80.52751621836511
24.257489602465466 11.984825311384773
55.67073583293008 45.34779909462445
70.60758085215568 1.4000768178661138
26.651449122867042 39.72667257850085
30.825648885679946 14.400311821883838
21.429387810947787 72.21866482204254
16.08844641170978 94.5131027245885
41.439844666423085 2.2686691061821085
29.57510029103324 20.4988496452578
29.223340300144642 13.162665865552558
48.70620127887607 51.868310315596965
63.257436226205755 82.15612608447877
47.93038404720529 17.720769582495443
16.260757624335366 95.27944572179547
39.2011896011058 27.97577495229433
75.53331207395699 62.55778754174288
48.878074278256875 10.978448122119078
19.173148519054283 75.01447769494689
63.57076165288825 98.09890425239178
42.82288252242722 46.795956036115406
29.216389073460604 49.07694754661285
12.252629977607254 67.53227217648828
6.423464218148089 44.17984787551104
14.07774763423485 80.22481775893985
89.73501712800672 86.90992457237103
1.6148887248692456 66.40018230161479
97.00435241030625 10.693177624170435
99.58653930024914 27.62258013443314
5.984860982511808 1.6133177963891576
88.10035783848738 59.66693191652283
32.71592523740301 43.30143914425329
50.64972213265082 62.5598650646584
3.9208027406249513 47.57554260906666
28.151300278356306 88.46919686449503
14.262363769833197 63.281150963222885
27.69726424868396 63.93989859824527
22.59554928162778 46.56936652839264
29.924372944733747 57.46374852776673
42.914400161782616 28.513908848042735
66.30454624819572 81.51879570725494
48.09526504829657 5.449610710222363
94.01683478533243 72.3131157078943
75.2871733599539 1.1977861374123933
30.124972498638158 91.30487218372632
82.25550373717462 41.56727958062925
36.528249915954866 74.77059658555615
34.65737446988998 70.11563347291752
50.43861941351443 15.839416001228312
73.51377800886357 66.0025752024041
44.04097745540736 62.963013898668564
2.879042707253121 92.74598791798178
89.79218384197387 73.3776683507792
23.13921197986899 31.79721784078079
43.07322129211575 56.650636584029165
9.323597702948517 37.001624088135124
50.43074076067533 46.24520931913255
3.5002824595090853 43.85269933355165
19.1014824112104 47.02048449008356
14.612705808712366 18.34333521344015
35.24427308912298 68.98123591640444
67.38273367527329 12.70748130117222
53.74380593768255 83.35058994499701
18.863762944326968 70.72373246815152
61.751891192502306 41.07599229849919
95.21531446316314 18.471398433336006
21.100548483619452 94.28018086869423
17.426700300642583 17.393020823627303
22.246710701997095 1.4209231837458702
5.4093226929117 10.851245453375114
96.39872171960484 61.65665637514225
81.0422891919936 86.29209830984108
31.201619921600255 16.994224357355993
9.095813670109587 96.00741647139363
34.1130822072296 16.66479839175382
91.54729788740103 20.32796337066466
39.06900799019779 8.169736050987076
92.96321457978723 35.618989004990475
61.054307397419514 71.91182529629243
79.01145058623962 47.192662032376944
51.76193295116256 3.056411251459701
96.77692661603115 32.00772487245741
40.868105854267064 18.944581838504003
93.31949047218737 50.19539510220168
27.750265786415873 31.68164171529071
30.51699302369677 97.1732543498415
30.158451790381157 67.57036559235151
63.994652944409495 96.77351153547728
10.847642727129635 89.80304983988341
86.09637204459217 39.362622315094676
46.43774641909343 90.62997588738514
32.64924892148978 18.307694769306682
8.027457034218077 30.7909616176265
0.5072512192142997 29.157320365967454
11.644560382477165 15.163404380552004
95.66152627789695 8.05117953013358
2.7315128471085304 80.6717807309658
76.11304649903457 43.39927702896066
15.776735700874145 1.5284227923468952
37.42779520348151 64.52006709601679
33.05820767507678 66.13908632108185
65.27356333133977 50.572227953555824
65.62696587771936 85.02879411968618
10.868715833902154 4.91051745395642
91.14509055047138 23.550353179021744
92.76678688792252 10.626653040460232
43.81125138944704 1.8953752584509598
71.8692242962146 88.00256453596222
3.08065823604331 21.296134046769254
45.53122889869135 36.12791224373913
14.145294781970097 97.03534811058245
24.58196772318302 83.91033236645978
24.664931993632933 36.40580633712469
75.66870687674593 2.082946654327955
37.660138294575226 97.29439169832239
52.518071550187784 97.13765474596643
61.37451777630618 70.11260571658205
53.542433922322076 54.797495985214404
92.20758607930324 79.994351735551
63.01347576846702 83.08641508625611
5.680195685218936 36.510834620190735
0.8070457844047918 34.17239795455722
7.106825188872601 87.92445888709238
3.8106116180867122 69.07324212168805
79.07545930826602 28.80303770348891
9.408295743721906 24.10951835105185
40.227717711869715 40.31717495048868
85.18023612322132 93.30161551693507
24.685428089825045 82.71894528312475
17.45288614989403 73.81111476239636
68.21978805562541 99.70704804947505
30.195697935011435 86.15210755964902
22.68091947466 5.24819864761551
10.92186507933729 61.21607222204306
27.507276062088515 46.63743923915352
42.47288774266713 19.28729379051578
57.57112335822521 56.43460781325837
43.65948923944668 60.497159996145285
68.85631734963226 7.351145808629167
49.97976278762049 58.309143026294684
91.47445269939178 64.62411468217148
57.654971851553725 22.677003148551666
43.590722849850216 23.497553392407543
48.56304404478706 45.34706104854839
10.939432929556414 45.8955373334866
95.1844582244071 17.585376417808916
82.33371287253024 12.544921626563287
74.53397434419317 90.04144919419146
54.29997033359547 48.30445339669359
97.91305128368828 14.920407303085536
40.17883222867679 55.52871519037986
36.095872987469726 39.55765076401813
94.860252476635 98.89192162035188
60.95717565654438 88.27866077700276
82.95799963334244 84.78214901101533
70.98086783169242 62.542862746317454
23.204650051022156 26.789491104176953
70.93241516267574 79.32432832913744
46.251875297243515 43.541101454952965
37.83545196310002 27.000351181070947
72.10985717516171 71.49239053843712
48.41348765022894 47.797382365103914
75.88949388980008 47.78813815890691
56.330518406259756 9.63157054725069
70.43481280616119 60.27568307779565
78.56088794860774 59.69950043458698
30.013931888539545 42.235962793417535
76.3443960353404 86.2497574123491
58.765661739805694 0.2589848756723856
80.96734447229433 39.45168117605249
13.285980298986644 39.06829769971514
19.09049849113307 91.4408714787657
16.846157176772238 0.02811868588781241
78.34405883957504 82.62634361298998
91.32402791340968 33.20852170645142
16.869435295636393 36.85118206133953
38.21677519758925 13.976966464279538
90.38156669993123 43.809168966235845
40.998622020538754 26.057652901733654
8.274910816565894 48.716170631644154
95.11942935455009 70.21565969915329
40.82804313099879 83.79183821914252
1.7664290797292814 4.3411293169302585
81.4986245945055 39.56472879047425
13.19260910309492 48.69041161500558
38.98914521628121 70.8641591814649
54.026899552908404 33.0039071468318
89.61855589266213 13.873869583009501
50.00301712407834 45.148318553917896
92.41709459662746 51.62047986860383
37.59022532748383 21.503742328032438
77.49563622843613 38.279024602295806
16.10811306164702 65.40565331107454
50.18707887706769 90.53340631359906
51.26634129380155 75.37547138374944
87.62024173923753 28.70395622254748
29.669123746914885 97.1140581614976
65.14219670696164 9.660042911079614
28.28399581815666 77.6256222239438
67.87444940759558 27.837636102364993
35.863863093268364 31.964819900718112
28.41992605267477 55.000066502207446
58.49803717322336 84.97458460749851
5.1405628812140165 54.464300233973226
17.055223815831233 64.74379576875437
40.959868215346006 35.08775797358242
70.63720110544 1.2741982898065607
42.77121730613291 35.7640130405948
93.35910876701881 91.80824160633378
0.9083906532637687 70.9422832182644
89.72727220804735 51.07844147734244
21.388109835732326 48.068857326020385
6.100564837652767 57.52953069784198
41.53966513026285 11.361786390758011
18.840967083070502 72.14535382294305
23.45478040895016 21.256710283929525
52.14088872121294 65.83803719767766
36.11001218761294 0.01971139586921522
51.47802177512338 71.55899350354555
56.237915581418086 65.96231187777039
77.06482661805802 0.47346463683138884
12.566615797671975 33.90675901848783
76.75344616521183 25.661689085856608
52.83770152762796 58.76629121874009
65.19336580746938 40.08328871628828
18.532407297118503 98.02657996115305
33.03248827160069 69.22486700286981
48.783370012460026 48.65937421588118
66.92388170513873 19.588362439145847
75.14672253488304 4.851934453820606
14.017934101750306 95.1485065354558
31.056823513310437 79.46967941463063
30.788232625973556 55.85524354286849
92.1387708507209 25.11612006387868
9.964201502432024 3.0752462764086053
11.953402316975048 13.545895442204703
51.90454202198006 90.72984937991761
32.55681741289579 25.318205541445625
80.98267202245093 61.66638323541081
92.71577986772155 7.622855396910033
90.76217577439847 59.008925077753105
64.02006588092299 28.241526487829127
68.31640864249383 59.46825219578703
13.648880185336099 39.57926264017901
40.35156201438313 59.32468876113105
9.14339479085906 0.9092777650749562
64.89595419335166 53.67593694935652
42.120513231344795 97.97861818850602
34.06976847105931 5.027249623273223
64.25781213721763 45.15391852502363
18.96747282886092 1.376680532381691
72.87211190075486 39.6195240173125
42.66009847888614 57.86729736566522
61.91314108483541 92.88040034125822
57.88001250889629 64.80452810009398
13.780442255270497 46.32270986838781
95.16886916110825 88.83114336694204
3.2216714814296554 1.6249906212765675
72.07711100003496 9.852023951992495
77.53316429112174 41.92375683782761
32.03948832559086 76.8417597797778
55.46131930430448 44.27616534262302
39.84059597898849 94.22811838357417
71.60004750876865 68.46239599878406
22.19381664433946 66.79835242471461
80.22146681880491 63.39077375062047
71.10588091100678 82.70751212064059
63.35486707747897 11.422158899363
95.63774763987955 64.60879544644988
87.33827537204715 83.12461675810769
18.52819433592432 25.777908525642456
45.84151656014431 83.88302859190713
54.10948068562143 91.25452487127795
48.42417566096388 39.71038605194177
43.124552457194135 94.10093790184067
11.186788904248857 75.84609357750121
3.163699798132791 80.20752981087962
29.902014193592553 64.86140987537836
16.11355383940879 57.092187439294584
50.14412381977036 40.670957528673526
74.7670318349558 39.69519772022125
35.04295949745866 72.05408228915374
68.04872924670372 18.06426891642109
19.58525690667082 28.663369065500998
1.4272595578076808 79.60470539022127
63.263292245384896 48.45886103395801
67.88822185847404 17.464656441862513
90.63729038516874 91.30572819643405
45.61856977998438 17.831143159915996
50.86936596964725 49.51993822102704
80.89190666926157 59.07659385146532
65.26483531881381 28.44805563822055
72.9747024674253 71.49705305557494
41.27563113831324 52.75725291665842
37.253474116129645 62.553590382889965
25.851226694128748 85.9067092604902
62.77892578554772 12.359515213186956
72.3353405701176 25.16440070762669
0.1435308187726525 65.58108249507478
73.97252153322995 88.27181091082909
80.0318443702438 89.92659818734683
41.57233063632606 80.82805789455375
54.198095279474366 32.11948578951574
12.37596549604313 77.54652450594513
84.42466128939287 79.25427269109228
10.737527715625394 27.7171095048402
23.87380090565605 4.567309044560053
46.09102409565592 40.41632197823945
45.81058956395068 37.68400621278253
99.26279882631229 68.05462238895002
48.942227184253085 10.624916207641421
11.88766631305268 88.97757149838583
8.677984218306356 9.14850926652342
40.84853173353476 17.259973660251703
12.103957093608454 7.377024910135721
12.63858167307028 77.94879769581868
35.676223443792864 58.97855806693734
97.63295901129565 52.50601484751056
97.40520681757839 63.31965263233915
94.4167292849204 49.69587992123081
65.58965608763867 39.11210330057068
28.3468002738856 69.09629591764707
64.9593344278589 71.79603006165284
88.51499132761315 62.86339501396244
69.84784799224796 51.4029188582387
84.29607070333236 39.78801121802283
73.1088409013282 28.07249980558183
53.00290140878925 79.88831647813245
81.67009762578265 27.989030354710597
4.044606668882955 48.72576206982922
33.285444763450045 90.5731595371816
28.123385943284497 82.3020803919089
35.980006847237455 35.49497065889513
49.191599879174284 72.8981417845859
11.464623520701577 75.16321725090067
5.617209612106089 7.284905051723445
84.67914754454908 44.413238066258444
45.33712738973864 2.9028156553630002
9.15517513200388 21.80194809937851
54.77144153225325 37.85386125981024
26.25194533240802 76.06866413859763
8.321725386562118 29.937365018942064
0.8028336949128634 11.748817665924294
45.03983326611862 82.08746204222908
47.14574760944474 41.38158485927201
95.39095568707218 0.4138380950105658
45.93306911009192 17.184876426974828
42.68062444774793 1.608347254086584
58.02147688368212 33.28018315704515
24.85399425466276 11.030376874529146
57.51633379844948 85.28219761753273
52.81152774307783 13.02489382499984
64.4560563874518 76.80404858792565
71.60430510288468 50.41507974532601
27.743426608886214 13.437695955830286
1.4029155762343426 23.547108969424247
40.083853762141686 50.094929062732206
6.149795434078875 87.38918321404276
63.544696968737505 12.815775485204684
83.88773291808621 35.52637549838313
90.84507795273076 83.73314304468202
71.92391352912813 29.043323115517193
54.93563836523565 7.20235686440307
76.025987882045 83.19158677727609
5.3330319055940105 19.797849318048712
83.56720948392346 94.60528561663016
89.9102360049239 40.30434510682978
5.911891276048209 71.73604945242955
39.583537262689546 67.95642734710793
78.05012586164132 7.9894836803766855
41.03855934177291 36.44438548277606
89.69698993999685 80.13208072517632
85.27125039851259 33.514000599108286
50.12616062831774 80.22154334074861
94.47201012903501 75.86062703546928
21.702813617001958 29.695669467172202
98.71430165705468 45.150726334711436
18.957493168837768 87.530917272669
24.745302243016496 60.90393095349097
45.73533638806233 98.41060462053534
48.26445116147345 80.37515884803608
23.814594464436123 72.98562260027974
54.72119573483207 15.652897704956725
59.14540480822863 17.385422177877608
5.6911961336175265 12.318789673988807
87.65733024950113 40.27869914898977
20.691956689955237 85.84819391335243
50.824727899851716 39.376460457356224
72.59321700287782 10.10479814977855
70.90408830949042 92.6236821449301
74.9517296454396 92.4317848397565
93.79429154903802 92.74631820843874
59.893697997339004 13.841223397914304
63.98477517929937 5.412104088472014
9.90837364483711 67.87387564306202
66.67675708883759 13.966893373081845
59.799265482846295 58.91101561222375
2.939284865396996 73.27709024871794
25.509982251617146 89.56617194401669
25.305882887954912 27.237758285691925
11.935393240783077 59.88363310966206
78.42810701776361 22.429682599917943
14.21434680912662 39.050372038920834
26.129749414055414 72.25980754412417
11.047876567899696 61.52452277308217
22.940517051113673 25.106950934291806
17.930122361221702 12.099148324889752
10.084680322913197 0.554637757703047
42.961403396247924 12.155659831015287
12.105112390219508 83.75287965137859
57.81234559265259 15.522289071425721
84.88029244619538 52.73114598526828
90.56334032768251 67.58930187101251
46.12107088717296 51.90957716802519
72.71463074387836 67.25812101985582
41.526799491884724 86.18504345279388
15.959457444656334 6.887462732135985
84.70365133804691 85.5789822041674
69.13504842358785 86.43054790130819
80.44831260957314 14.323502573438097
49.28177480564205 13.107210306069106
11.056288808661407 27.68122744571765
41.5371332430673 55.33716307532244
84.94470957403661 22.296150827696692
0.8912833017888699 13.650437905633861
27.45693928550438 63.140416767278666
72.9980488067152 25.00302841728089
40.05496228778266 49.88591259968229
23.649436283369386 82.07715837975036
2.6099163404513126 3.3784178831135714
15.271535133532232 63.718560538478485
83.01651775802931 43.636535270032326
22.181560556023804 40.92670868192504
20.268480125098844 30.22245131101552
10.85587841190463 64.17065692315296
15.277736892799954 53.172689060955214
93.14519022257196 32.15932039062399
41.960146657158525 53.57745846948426
63.584334374179406 15.354298219043628
99.97796273465515 23.96562570966373
94.61952231260682 26.55141401404084
13.882884648378846 82.37912654071435
97.91036006343037 8.159537955566165
55.94012125691536 47.59736709304605
23.159995783374963 43.985389915393384
18.170481161011974 7.534472230552169
43.92229575180379 37.05852476173551
67.94171509266637 58.402135046334
51.62622950839207 9.286773195098409
16.1441305657141 51.27555522326356
94.23588026804227 81.6465579055113
29.980014886507956 11.672681660937723
45.70811975790863 40.99669306371027
45.69872351930405 97.78508312878894
57.42268691511032 40.42075475632214
7.683757242230249 44.34075355630158
32.10855250786786 41.22552588609308
44.46648213903737 31.365816997291883
6.7508741458149 46.730405583222144
63.20943264149125 79.25085825897555
23.438192520755052 79.18031195365299
64.79565222251948 4.643891040204384
8.241685478887828 78.87053839508327
85.65691653225186 22.15995059181187
41.79739561865624 41.570756031966624
47.69091121647793 36.523065588386615
15.07652527395299 37.220235272551996
89.56926863066016 96.46767792653534
80.41162883623817 1.9759351236354195
30.180703936039276 68.49344979072927
85.59291876828695 24.42625562607541
85.13237834890333 68.0417312125107
76.11011829411308 95.69850807405703
74.1275767710452 94.74273367912639
60.67094634011569 71.92670125130951
59.14176165833336 82.38231904420729
69.71530055103804 12.103973359733743
97.43501255982791 75.7194520247123
36.35115014921245 14.866530604181916
76.15810949563758 98.0852327351865
60.106697969848874 61.19639583678228
86.05714430230994 15.247285695176915
76.29745590440172 80.76239006911815
86.55619573680627 29.080225372296532
61.29234450630808 82.95705412722613
85.40093387117605 46.15470563055359
81.46803346325513 58.17188811600088
88.63423724542893 55.60889533483535
21.683909850720397 40.72712833620178
8.811472727220393 97.56592181055095
58.19256844489951 1.0492501948198507
2.753978802970347 37.68022390940733
24.932487002080606 21.397098702600893
41.57411375107609 55.03472343096858
65.83390888065138 42.752255553431404
26.89626839956375 14.744363596789611
52.14733281802767 62.06081251547072
49.07122486433868 6.303183838905224
13.411704605179775 7.160029258068878
24.208909400522515 85.71194163472448
6.129109868903981 14.991416700456117
18.25858792568541 46.52450137928312
82.79889199007509 85.3310384974641
78.77180502735554 56.14502484155079
93.73986938573545 86.15411592717915
19.336551371805754 6.037102366648572
33.00812668323524 65.89111147372276
2.4489618224247 0.3653122931888464
10.732023528963431 78.06040992980677
15.158840492409652 8.997308012721827
25.88261271706205 82.15778048079574
19.33711299102384 56.60162107289418
27.800595935970872 79.62837800395258
27.66640460952545 41.323006281473575
79.78690059482486 39.52975972393523
62.08082137944266 81.53592518558258
33.94623757762022 99.36566512642965
65.48116774823751 69.93349611633782
66.99326341271528 28.725394458054687
65.84615653511024 95.99910734626766
59.87532380046767 96.78983366351109
26.884493180544233 9.375784250582841
61.84324610871816 58.78212480544375
99.27146037052857 34.25570054772934
20.874479673554248 94.33737577180025
52.4722728875109 1.9162207746500015
5.20917298315573 98.7690504060965
29.787002244313932 50.82598899545403
35.88539977698165 95.5061826261395
88.51716403095062 37.806480000994554
89.33987197591519 44.44086629462017
53.377535385594975 15.56769223708745
25.723645047593468 16.65767078782303
6.397389941261644 23.250659118674623
52.88193862542968 96.66225504707877
40.6950909453568 0.7294032676791296
95.23529699033357 87.67972832223676
41.428575796204356 66.40391845807669
60.08796698405051 81.29423509930163
1.0152181270481342 19.783396787794803
73.83666098372255 47.63526843216069
65.65284492381198 1.9066044622068845
87.34772474447728 63.82536262875532
74.82636254882861 20.018390373320514
56.961833717176134 7.125945955946078
6.698910493911869 57.273170952824
98.45891903925896 93.63971110800907
53.0520274953014 1.3496697941080882
58.14988512036948 3.3813346858564075
5.467321612467114 65.44278830305812
79.65457166386494 61.368804960747845
21.3788082096385 34.43754839587587
4.239832739558469 95.39035395965752
35.52449906740029 53.0406373941981
69.7541563452504 94.61184751670086
99.6216365465684 18.16379469414917
72.39113516994023 68.49968759933785
99.74852403537547 28.934681023510922
88.75841319706836 7.2398792221089465
99.56810835267385 88.96440423855454
19.33675936180579 7.289957486860576
17.589260839164144 30.731592155743925
77.60517909336599 36.58509638782221
28.820489019280394 85.58197610582795
60.590060089001085 91.24114001491235
37.00036209625386 42.5058225503938
6.870373195114476 31.244029325036415
25.86071404770682 5.915924350530377
16.28716406897801 99.90208400787118
82.8800032584921 86.75542343998394
78.53561099478618 92.64369205095984
26.560419209606312 46.65308521119811
0.7487661687432534 22.089445086549496
68.95863363672298 54.735054262908776
65.17380540100318 49.77437584408578
64.50830557658158 72.1977914176527
13.79292799042313 93.31469937626322
66.52324304453117 60.2434022679543
78.0233992209524 7.025835371285116
73.56611372064367 50.657628419145574
51.56869158052335 28.297012681262057
8.821888200088857 33.92809303637474
57.98067582950078 49.29828017560601
96.14823655042292 35.57565830314395
29.521283916128017 78.008838296764
54.829662314093866 63.29160140562815
36.41391803293561 14.920948363934894
15.061561228881516 82.27773544612195
71.81403564027924 7.6224500718322545
73.01695592140842 53.49617650162182
87.3019535122038 56.27457150326379
84.54836441675013 77.88156234522664
22.621942419368366 34.683213021696446
18.626894171564913 28.331340926930682
96.84067113699714 18.86301643998912
76.47087449967393 60.85327530741789
7.649103684860947 12.127319847413565
32.81091917084055 97.55251825459251
98.91704093757772 97.40274554545742
43.412016145309074 53.7686807704653
62.165367715580125 32.13932022199364
9.58133538996625 59.51458544440619
30.874181929170753 55.62048909260247
36.434304104366255 80.05850760002343
9.868532669696616 91.47293483786972
94.96132694012854 25.85426273496285
78.12797874565737 15.419342736840235
14.534446296787952 62.60189225248146
50.41013001848076 99.55776906823648
30.46933782060217 66.80384129689601
70.56383362307113 74.7723391131201
36.52494664553734 9.933946601167055
90.94432432681894 18.70862256593885
8.537432228277053 6.18304783226834
58.0598541612198 81.56735682556003
88.65641348270276 16.272907430996618
44.19320253747646 22.47539769412198
74.01397772856093 20.000133807706323
32.0184240782621 20.351362851261534
98.64394932079793 57.74772807831962
72.68066633776846 46.706095226697705
2.6850016005918964 22.364351429732764
64.39044962804545 45.948208957307635
19.51850731529695 27.60495654887105
34.542826655454014 52.775937323842584
24.771297647744895 79.92943247007534
23.184746959849434 18.44648180306696
62.06578326657185 65.11935383428334
23.459854729229257 80.70257776763131
0.8661095002540864 37.465764310600655
41.49037153808657 93.71538619992491
83.96715342316375 58.715464069697745
91.89434316397691 83.0230432637135
39.93834060963126 80.21973441989832
20.800096650198828 21.68354197184691
30.760344596743106 74.07649553685367
26.946747397309846 82.12589449066772
65.89574032797371 13.775237097949212
92.11552975530934 20.973093808007405
69.83115681787385 28.403073829267644
70.32798249737012 76.35757603318952
32.865659314899666 89.3708050616077
98.62968958785893 43.129101876491724
34.326973508165594 89.58924457766174
65.5843713419697 53.63773330874935
16.871406341823324 43.28343893764325
44.72576663543543 79.83115739065366
96.9753031752044 27.75807519591843
88.24369421641902 62.8049633926292
94.80083820629264 30.663982434888805
82.73201682584784 41.5240436345378
47.2312133207364 23.174924175283884
49.857805190370655 67.6000427421225
33.015921410898706 50.4234703543307
65.58487370521708 93.42983791714985
27.21429436390318 53.92632243655743
82.59385048887752 90.24601489240689
48.34460113338177 87.34242661275124
32.091599769955515 37.162297182712535
48.44618770606076 35.402840060402085
13.533992064223854 77.15211682850008
1.3999000752546564 3.383639749434686
12.770997542169205 26.275144334188816
65.46882255960575 37.427878444011974
12.089670555050969 16.307013837025032
40.64782826415993 98.07833671858235
36.61093571271012 89.11915378645739
8.090424877002055 33.64550389278273
4.6432414785141045 32.117744732685914
55.20894109095794 66.179646417092
95.45490368265274 74.98491633713917
21.598850836161855 36.669232439017016
16.441688415920208 18.90534310183689
4.756796566367505 33.10839879422609
27.594006499410284 60.469407707281654
41.66650572070386 48.32032436974516
64.55822973018212 56.07508495718967
4.934843861249927 84.62178000488426
78.43272165225082 57.100918371766
35.55820745910015 95.7275235403927
16.025789240834253 9.976955619693783
4.951767744257063 68.89397640154222
87.90131007438498 51.06478719031957
84.69592080555061 50.96709638632719
24.663788708181688 88.60038952298507
16.298260063862323 83.7356840049955
92.49418521495447 66.33295449153003
22.25663374337431 51.12654514908598
72.9400406200975 17.983440149917705
21.616629677820388 58.87779674694025
36.53811701277024 60.49646738282336
40.68560757038957 87.6119283840265
0.4220932072748096 75.13141231110937
41.903544279662256 48.041453486293484
48.356867181243004 19.611326221365168
4.372270336318329 16.041442776283652
3.698805633593738 63.06303825818691
34.67345634194828 0.910176737086521
65.87536340773083 76.07945749848241
86.98727643044796 6.49384412194337
34.58951073552697 14.157957946957078
89.83526968995807 12.201948045152978
34.109856895480696 34.14897432868901
91.7671331131694 5.36636688703056
79.63218624534063 38.799558714689184
89.60926418799964 93.3189714540277
24.146789357999122 59.461470284401194
